1.143309
0.719837
0.825556
0.072787
0.588763
0.245674
0.226386
0.232124
0.464705
0.237831
0.345286
0.724235
0.037629
0.584124
0.472335
0.761376
0.923246
0.180364
0.192022
0.274178
0.777429
0.215522
0.967406
0.284249
0.8034
0.77575
0.952544
0.591357
0.315226
0.278542
0.315134
0.931242
0.889462
0.143559
0.849818
0.260384
0.135472
0.605335
0.163793
0.324107
0.61681
0.075503
0.216041
0.163915
0.953581
0.959716
0.491287
0.720634
0.638142
0.335978
0.589923
0.18952
0.594867
0.400616
0.515366
0.283761
0.015046
0.087954
0.439589
0.061922
0.498764
0.770287
0.228828
0.476638
0.034303
0.4438
0.510056
0.299844
0.847285
0.307566
0.559709
0.581591
0.649342
0.140934
0.796045
0.298044
0.319285
0.386212
0.156255
0.345164
0.546556
0.342692
0.139531
0.534532
0.469161
0.378124
0.797357
0.747276
0.836818
0.564135
0.452437
0.902432
0.730857
0.641682
0.427412
0.895962
0.371868
0.72277
0.564318
0.166967
0.046693
0.634907
0.816706
0.046815
0.685659
0.31428
0.694937
0.547777
0.121403
0.153935
0.846492
0.747581
0.560808
0.713492
0.552019
0.425611
0.300882
0.696188
0.41905
0.107578
0.220038
0.599994
0.053835
0.174505
0.076205
0.948607
0.993103
0.192389
0.142491
0.508927
0.676901
0.1189
0.21247
0.401013
0.743645
0.54326
0.505234
0.506882
0.428602
0.615528
0.502731
0.084384
0.347301
0.82168
0.24955
0.992553
0.444838
0.260475
0.146947
0.434126
0.392468
0.578845
0.772454
0.622517
0.212775
0.22129
0.755791
0.278268
0.414472
0.150365
0.243019
0.362194
0.418378
0.69396
0.979644
0.950926
0.555589
0.67568
0.543901
0.661397
0.419111
0.484909
0.762383
0.530381
0.850398
0.242439
0.837611
0.755272
0.341655
0.718101
0.220496
0.202521
0.135777
0.156377
0.757927
0.089969
0.804498
0.667013
0.146794
0.749077
0.586261
0.335551
0.226386
0.873562
0.265542
0.711692
0.139378
0.160772
0.873897
0.830012
0.893704
0.751701
0.994903
0.420789
0.355602
0.375896
0.953673
0.466262
0.206061
0.608386
