0.5
0.5
0.5
0.5
0.5
0.5
0.5
0.5
0.5
0.5
0.5
0.5
0.5
0.5
0.5
0.5
0.5
0.5
0.5
0.5
0.5
0.5
0.5
0.5
0.5
0.5
0.5
0.5
0.5
0.5
0.5
0.5
0.5
0.5
0.5
0.5
0.5
0.5
0.5
0.5
0.5
0.5
0.5
0.5
0.5
0.5
0.5
0.5
0.5
0.5
0.5
0.5
0.5
0.5
0.5
0.5
0.5
0.5
0.5
0.5
0.5
0.5
0.5
0.5
0.5
0.5
0.5
0.5
0.5
0.5
0.5
0.5
0.5
0.5
0.5
0.5
0.5
0.5
0.5
0.5
0.5
0.5
0.5
0.5
0.5
0.5
0.5
0.5
0.5
0.5
0.5
0.5
0.5
0.5
0.5
0.5
0.5
0.5
0.5
0.5
0.5
0.5
0.5
0.5
0.5
0.5
0.5
0.5
0.5
0.5
0.5
0.5
0.5
0.5
0.5
0.5
0.5
0.5
0.5
0.5
0.5
0.5
0.5
0.5
0.5
0.5
0.5
0.5
0.5
0.5
-0.547124
0.5
0.5
0.290337
0.5
0.5
0.359078
0.5
0.3961
0.5
0.430923
0.265705
0.5
0.345019
0.5
0.5
0.413952
0.5
0.451762
0.5
0.5
0.160699
0.426276
0.461309
0.51683
0.465645
0.466982
0.510035
0.483883
0.48478
0.5
0.5
-0.023562
0.5
0.5
0.5
0.5
0.5
0.5
0.5
0.5
0.111607
0.415839
0.470295
0.478698
0.5
0.5
0.5
-0.023562
0.5
0.5
0.5
0.5
0.5
0.5
0.5
0.5
0.5
0.5
0.5
0.5
0.5
0.5
0.5
0.5
-0.126028
0.5
0.5
0.5
0.5
0.5
0.5
0.5
0.186986
0.5
0.5
0.5
0.5
0.5
0.5
0.5
0.186986
0.5
0.5
0.5
0.5
0.5
0.5
0.5
0.5
0.5
0.186986
0.5
0.5
0.5
0.5
0.5
0.186986
0.5
0.5
0.5
0.5
0.5
0.5
0.5
0.5
0.5
0.5
0.186986
0.5
0.5
0.5
0.5
0.186986
0.5
0.5
0.5
0.5
0.5
0.5
0.5
0.5
0.5
0.5
0.5
0.5
0.5
0.5
0.5
0.5
-0.260354
0.5
0.5
0.409727
0.5
0.5
0.5
0.5
0.5
0.5
0.210096
0.409727
0.5
0.5
0.5
0.5
0.5
0.5
0.210096
0.5
0.5
0.5
0.119823
0.5
0.5
0.5
0.5
0.5
0.5
0.5
0.5
0.5
0.119823
0.5
0.5
0.5
0.5
0.5
0.5
0.5
0.5
0.210096
0.409727
0.5
0.5
0.5
0.5
0.5
0.119823
0.5
0.5
0.5
0.5
0.5
0.5
0.5
0.5
0.5
0.5
0.5
0.5
0.5
0.5
0.5
0.5
