57.329483
0.5
0.5
0.5
0.5
0.5
-6.679236
0.5
4.625249
0.5
31.968729
-0.62042
0.5
-1.433567
0.5
0.5
0.5
0.5
31.968729
0.5
0.5
-0.62042
0.5
0.5
0.5
4.625249
0.5
-5.558816
31.968729
0.5
0.5
0.5
0.5
0.5
0.5
28.914742
0.5
0.5
0.5
0.5
0.5
-0.62042
0.5
4.625249
25.909912
28.914742
0.5
0.5
0.5
0.5
0.5
0.5
0.5
0.5
0.5
0.5
0.5
0.5
0.5
0.5
0.5
0.5
0.5
0.5
0.5
-23.564262
0.5
0.5
0.266419
0.5
0.5
-39.467232
0.5
15.39526
0.5
13.773422
-39.700813
0.5
35.735809
0.5
0.5
-19.840549
0.5
13.773422
0.5
0.5
0.5
-22.510345
35.735809
-16.690468
0.5
0.5
-19.840549
13.773422
0.5
0.5
0.5
0.5
0.5
0.5
-11.532131
0.5
0.5
0.5
0.5
0.5
0.5
12.725464
-16.690468
-6.567127
-11.532131
0.5
0.5
0.5
0.5
0.5
0.5
0.5
0.5
0.5
0.5
0.5
0.5
0.5
0.5
0.5
0.5
0.5
0.5
0.5
-26.214294
0.5
0.5
-36.080952
0.5
0.5
3.404351
0.5
177.982208
0.5
-156.66275
-36.080952
0.5
156.52771
0.5
0.5
-132.303909
0.5
0.5
0.5
0.5
18.818466
-92.897041
-3.983699
6.50312
103.634743
-71.275276
29.342539
0.5
0.5
0.5
0.5
0.5
0.5
0.5
-12.857147
0.5
0.5
0.5
0.5
0.5
-77.482925
-1.079349
48.776505
18.428623
-12.857147
0.5
0.5
0.5
0.5
0.5
0.5
0.5
0.5
0.5
0.5
0.5
0.5
0.5
0.5
0.5
0.5
0.5
0.5
0.5
5.543648
0.5
0.5
5.095029
0.5
0.5
-7.438127
0.5
0.5
0.5
6.364922
5.095029
0.5
-7.438127
0.5
0.5
7.110635
0.5
-0.245713
0.5
0.5
0.5
0.5
0.5
1.582686
0.5
9.877265
-7.438127
0.5
0.5
0.5
0.5
0.5
0.5
0.5
3.021824
0.5
0.5
0.5
0.5
0.5
0.5
1.582686
5.282236
-2.843098
3.021824
0.5
0.5
0.5
0.5
0.5
0.5
0.5
0.5
0.5
0.5
0.5
0.5
0.5
0.5
0.5
0.5
0.5
0.5
0.5
55.742096
0.5
0.5
18.513706
0.5
0.5
8.090081
0.5
0.5
0.5
2.51726
18.513706
0.5
8.090081
0.5
0.5
2.51726
0.5
0.5
0.5
0.5
7.599764
-9.576988
0.5
31.727955
-0.129683
0.5
0.5
0.5
0.5
0.5
0.5
0.5
0.5
0.5
28.121048
0.5
0.5
0.5
0.5
0.5
9.617023
-11.594248
31.098272
0.5
28.121048
0.5
0.5
0.5
0.5
0.5
0.5
0.5
0.5
0.5
0.5
0.5
0.5
0.5
0.5
0.5
0.5
0.5
0.5
0.5
